0 1,1|1,1|1,1|2,1|2,1|1,2|1,2|1,2|2,2|2,2
1 1,1|1,2
2 2,1|2,1|2,1|1,2|2,2|2,2
3 1,1|1,1|2,1|1,2|1,2|1,2
4 1,1|1,1|1,1|2,1|2,1|2,1|1,2|1,2|1,2|2,2
5 1,1|1,1|2,1|2,1|2,2|2,2|2,2
6 1,1|1,1|1,1|1,2
7 1,1|1,1|1,1|2,1|2,1|2,1
8 1,1|1,1|2,1|2,1|2,1|3,1|3,1|3,1|1,2|1,2|1,2|2,2|3,2|3,2|3,2|1,3|1,3|1,3|2,3|2,3|2,3
9 1,1|2,1|2,1|2,1|3,1|1,2|1,2|1,2|2,2|2,2|2,2|3,2|3,2|3,2|1,3|1,3|2,3|2,3|3,3
10 1,1|2,1|2,1|2,1|3,1|1,2|2,2|3,2|3,2|1,3|1,3|3,3|3,3
11 1,1|2,1|2,1|2,1|3,1|3,1|3,1|1,2|1,2|1,2|2,2|2,2|2,2|1,3|2,3|3,3|3,3
12 1,1|2,1|2,1|3,1|3,1|1,2|1,2|1,3|2,3
13 1,1|3,1|3,1|2,2|2,2|3,2|3,2|3,2|1,3|1,3
14 1,1|3,1|3,1|3,1|1,2|1,2|1,2|2,2|2,2|3,2|3,2|1,3|2,3|2,3|2,3|3,3|3,3
15 1,1|2,1|2,1|2,1|3,1|3,1|1,2|1,2|1,2|2,2|3,2|3,2|1,3|2,3|2,3|2,3
16 2,1|1,2|4,2|4,2|1,3|1,3|1,3|2,3|2,3|2,3|3,3|1,4|1,4|1,4|3,4|3,4|3,4|4,4|4,4|4,4
17 1,1|1,2|1,2|2,2|2,2|2,2|4,2|4,2|4,2|2,3|2,3|3,3|3,3|4,3|4,3|2,4|2,4|3,4|4,4|4,4|4,4
18 1,1|2,1|1,2|1,2|1,2|2,2|2,2|4,2|2,3|3,3|3,3|2,4|3,4|3,4|3,4|4,4|4,4|4,4
19 1,1|2,1|2,2|3,2|3,2|3,2|4,2|4,2|1,3|1,3|2,3|2,3|2,3|2,4|2,4|2,4|3,4|3,4
20 1,1|2,2|3,2|4,2|4,2|1,3|1,3|1,3|2,3|4,3|4,3|2,4|3,4|4,4
21 1,2|1,2|2,2|2,2|3,2|3,2|3,2|1,3|1,3|1,4|1,4|3,4|4,4|4,4
22 1,1|2,2|2,2|1,3|3,3|3,3|3,3|4,3|1,4|1,4|2,4|4,4|4,4|4,4
23 1,2|1,2|4,2|4,2|4,2|2,3|3,3|4,3|4,3|1,4|1,4|3,4|4,4
24 2,1|1,2|1,2|2,2|3,2|4,2|4,2|1,3|2,3|3,3|3,3|4,3|4,3|4,3|1,4|3,4
25 1,1|1,2|2,2|2,2|2,2|3,2|3,2|3,2|4,2|3,3|3,3|4,3|4,3|2,4|2,4|3,4|4,4|4,4|4,4
26 1,1|1,1|1,1|3,1|5,1|5,1|1,2|1,2|1,2|4,2|4,2|4,2|5,2|6,2|1,3|1,3|1,3|2,3|2,3|3,3|3,3|3,3|4,3|4,3|6,3|1,4|1,4|1,4|2,4|2,4|3,4|3,4|4,4|4,4|4,4|5,4|6,4|6,4|6,4|1,5|1,5|2,5|2,5|2,5|3,5|4,5|4,5|4,5|5,5|5,5|1,6|1,6|1,6|3,6|3,6|3,6|4,6|4,6|4,6|5,6|5,6|6,6|6,6|6,6
27 1,1|1,1|1,1|3,1|3,1|4,1|4,1|5,1|6,1|6,1|1,2|1,2|1,2|2,2|2,2|2,2|3,2|3,2|4,2|4,2|5,2|1,3|1,3|2,3|2,3|3,3|4,3|4,3|4,3|5,3|5,3|5,3|6,3|6,3|6,3|1,4|1,4|2,4|2,4|3,4|4,4|4,4|4,4|5,4|5,4|5,4|1,5|2,5|3,5|3,5|3,5|4,5|4,5|4,5|5,5|5,5|1,6|1,6|3,6|3,6|3,6|4,6|5,6|6,6|6,6
28 2,1|2,1|3,1|3,1|3,1|4,1|4,1|4,1|5,1|5,1|6,1|6,1|1,2|1,2|1,2|2,2|2,2|2,2|3,2|3,2|5,2|5,2|6,2|6,2|6,2|2,3|3,3|3,3|4,3|4,3|5,3|5,3|5,3|6,3|6,3|1,4|2,4|3,4|4,4|6,4|6,4|6,4|2,5|2,5|3,5|3,5|4,5|5,5|5,5|1,6|2,6|2,6|2,6|3,6|3,6|4,6|4,6|6,6
29 1,1|1,1|1,1|2,1|2,1|2,1|3,1|3,1|4,1|5,1|5,1|5,1|6,1|1,2|2,2|2,2|2,2|3,2|3,2|3,2|4,2|4,2|4,2|5,2|5,2|5,2|1,3|2,4|2,4|2,4|4,4|6,4|1,5|2,5|2,5|3,5|3,5|3,5|4,5|4,5|4,5|5,5|5,5|5,5|6,5|1,6|1,6|2,6|2,6|4,6|6,6
30 2,1|3,1|4,1|4,1|5,1|6,1|6,1|6,1|1,2|1,2|1,2|2,2|3,2|3,2|3,2|4,2|4,2|5,2|5,2|6,2|2,3|2,3|3,3|3,3|3,3|4,3|4,3|5,3|5,3|6,3|1,4|1,4|2,4|2,4|2,4|3,4|5,4|1,5|1,5|2,5|2,5|4,5|4,5|1,6|1,6|2,6|2,6|2,6|3,6|3,6|4,6|4,6|5,6|6,6|6,6
31 2,1|2,1|3,1|3,1|3,1|6,1|1,2|1,2|1,2|2,2|3,2|3,2|5,2|6,2|1,3|2,3|2,3|3,3|3,3|3,3|4,3|4,3|5,3|6,3|6,3|6,3|1,4|1,4|3,4|3,4|4,4|5,4|5,4|5,4|1,5|1,5|1,5|3,5|3,5|6,5|6,5|6,5|1,6|1,6|2,6|3,6|4,6|4,6|4,6|5,6|5,6|6,6|6,6|6,6
32 2,1|2,1|2,1|3,1|3,1|4,1|4,1|4,1|6,1|6,1|1,2|2,2|2,2|2,2|4,2|4,2|6,2|1,3|2,3|2,3|3,3|3,3|4,3|5,3|6,3|6,3|6,3|1,4|3,4|3,4|5,4|5,4|5,4|6,4|6,4|6,4|1,5|1,5|1,5|5,5|5,5|5,5|1,6|1,6|1,6|2,6|3,6|3,6|3,6|4,6|6,6
33 1,1|2,1|2,1|3,1|3,1|3,1|4,1|4,1|5,1|5,1|5,1|6,1|1,2|1,2|1,2|2,2|3,2|3,2|3,2|4,2|4,2|4,2|6,2|1,3|2,3|2,3|3,3|4,3|5,3|5,3|5,3|1,4|1,4|2,4|3,4|5,4|5,4|6,4|1,5|2,5|3,5|3,5|4,5|4,5|4,5|5,5|1,6|2,6|2,6|2,6|3,6|4,6|4,6|4,6|5,6|6,6
34 1,1|1,1|1,1|2,1|2,1|2,1|3,1|3,1|4,1|5,1|5,1|6,1|6,1|6,1|1,2|1,2|5,2|1,3|1,3|1,3|2,3|2,3|2,3|3,3|3,3|3,3|4,3|4,3|6,3|6,3|6,3|1,4|1,4|1,4|2,4|2,4|4,4|4,4|6,4|6,4|1,5|2,5|2,5|2,5|3,5|3,5|4,5|4,5|4,5|5,5|5,5|5,5|6,5|6,5|6,5|1,6|2,6|2,6|2,6|3,6|3,6|4,6|5,6
35 2,1|2,1|2,1|3,1|4,1|4,1|5,1|5,1|5,1|2,2|3,2|4,2|4,2|4,2|5,2|5,2|6,2|6,2|1,3|2,3|2,3|2,3|4,3|5,3|6,3|6,3|6,3|2,4|2,4|3,4|3,4|4,4|2,5|3,5|3,5|3,5|4,5|4,5|5,5|5,5|6,5|6,5|6,5|1,6|1,6|1,6|2,6|3,6|3,6|4,6|4,6|5,6|5,6|5,6|6,6|6,6
36 1,1|3,1|3,1|3,1|5,1|5,1|7,1|2,2|2,2|2,2|4,2|5,2|6,2|6,2|7,2|2,3|2,3|2,3|3,3|3,3|4,3|5,3|7,3|7,3|1,4|1,4|1,4|2,4|2,4|2,4|3,4|3,4|4,4|4,4|5,4|6,4|7,4|7,4|1,5|1,5|2,5|3,5|3,5|3,5|4,5|4,5|4,5|5,5|5,5|6,5|6,5|6,5|7,5|1,6|2,6|4,6|4,6|4,6|5,6|5,6|1,7|2,7|2,7|3,7|3,7|4,7|4,7|4,7|5,7|5,7|7,7
37 1,1|2,1|2,1|3,1|3,1|4,1|4,1|4,1|5,1|5,1|7,1|1,2|1,2|1,2|2,2|2,2|2,2|3,2|3,2|3,2|4,2|4,2|4,2|6,2|6,2|6,2|2,3|2,3|3,3|3,3|4,3|4,3|5,3|5,3|5,3|6,3|1,4|1,4|2,4|3,4|3,4|4,4|4,4|4,4|5,4|5,4|5,4|1,5|1,5|2,5|2,5|3,5|3,5|4,5|4,5|5,5|5,5|6,5|6,5|6,5|7,5|1,6|1,6|2,6|2,6|3,6|3,6|3,6|4,6|4,6|5,6|5,6|6,6|6,6|6,6|7,6|7,6|1,7|1,7|1,7|2,7|3,7|3,7|4,7|5,7|7,7|7,7
38 1,1|2,1|3,1|4,1|4,1|4,1|6,1|6,1|6,1|7,1|7,1|1,2|1,2|1,2|2,2|2,2|3,2|4,2|5,2|5,2|5,2|1,3|1,3|1,3|2,3|2,3|2,3|3,3|3,3|3,3|4,3|4,3|5,3|6,3|6,3|6,3|1,4|1,4|2,4|4,4|4,4|6,4|6,4|7,4|7,4|7,4|2,5|2,5|2,5|4,5|4,5|5,5|6,5|6,5|7,5|7,5|2,6|2,6|2,6|4,6|6,6|7,6|7,6|7,6|1,7|2,7|2,7|2,7|3,7|3,7|4,7|4,7|4,7|5,7|6,7|6,7|6,7
39 1,1|2,1|2,1|2,1|3,1|3,1|4,1|4,1|5,1|5,1|6,1|7,1|7,1|7,1|1,2|1,2|1,2|2,2|3,2|3,2|3,2|4,2|6,2|6,2|7,2|7,2|7,2|1,3|2,3|2,3|2,3|3,3|3,3|4,3|4,3|4,3|6,3|1,4|1,4|1,4|2,4|2,4|3,4|4,4|4,4|4,4|5,4|5,4|6,4|6,4|6,4|7,4|1,5|1,5|2,5|2,5|2,5|3,5|3,5|3,5|4,5|4,5|5,5|1,6|1,6|2,6|2,6|3,6|3,6|3,6|4,6|4,6|4,6|5,6|5,6|1,7|1,7|2,7|6,7|6,7|7,7|7,7|7,7
40 1,1|1,1|2,1|2,1|2,1|3,1|3,1|4,1|5,1|6,1|7,1|1,2|2,2|2,2|2,2|3,2|3,2|4,2|5,2|5,2|5,2|7,2|7,2|7,2|1,3|1,3|2,3|2,3|2,3|4,3|4,3|5,3|5,3|5,3|6,3|6,3|6,3|7,3|7,3|7,3|1,4|1,4|2,4|2,4|4,4|4,4|6,4|7,4|7,4|1,5|1,5|2,5|2,5|2,5|4,5|4,5|4,5|5,5|5,5|5,5|7,5|1,6|2,6|2,6|4,6|5,6|6,6|6,6|7,6|1,7|3,7|3,7|3,7|4,7|4,7|5,7|6,7|7,7|7,7|7,7
41 1,1|2,1|2,1|2,1|3,1|3,1|4,1|4,1|5,1|5,1|5,1|7,1|2,2|2,2|2,2|3,2|4,2|4,2|4,2|6,2|6,2|7,2|2,3|3,3|4,3|4,3|6,3|6,3|6,3|7,3|7,3|7,3|1,4|1,4|2,4|3,4|3,4|4,4|5,4|6,4|6,4|6,4|7,4|7,4|7,4|1,5|1,5|2,5|2,5|2,5|5,5|5,5|5,5|7,5|7,5|2,6|3,6|4,6|5,6|5,6|5,6|6,6|6,6|6,6|7,6|7,6|7,6|2,7|3,7|3,7|4,7|4,7|5,7|5,7|6,7|6,7|6,7|7,7
42 1,1|2,1|3,1|4,1|5,1|5,1|5,1|8,1|1,2|1,2|4,2|4,2|5,2|5,2|6,2|6,2|6,2|1,3|1,3|1,3|2,3|2,3|2,3|3,3|6,3|6,3|6,3|7,3|8,3|8,3|1,4|1,4|2,4|2,4|2,4|3,4|3,4|3,4|4,4|5,4|5,4|6,4|6,4|7,4|7,4|1,5|1,5|1,5|2,5|2,5|2,5|5,5|8,5|8,5|2,6|2,6|2,6|3,6|4,6|4,6|5,6|5,6|6,6|6,6|7,6|7,6|7,6|2,7|4,7|5,7|6,7|7,7|1,8|2,8|3,8|3,8|4,8|4,8|5,8|6,8|7,8
43 1,1|1,1|1,1|5,1|6,1|6,1|2,2|3,2|3,2|4,2|4,2|4,2|5,2|5,2|7,2|1,3|2,3|2,3|2,3|3,3|3,3|4,3|4,3|5,3|6,3|7,3|7,3|7,3|8,3|8,3|8,3|1,4|1,4|1,4|2,4|2,4|3,4|3,4|3,4|4,4|5,4|5,4|5,4|6,4|8,4|8,4|8,4|2,5|2,5|4,5|5,5|5,5|7,5|7,5|8,5|8,5|3,6|4,6|6,6|6,6|7,6|7,6|8,6|8,6|8,6|1,7|1,7|1,7|3,7|3,7|4,7|5,7|5,7|6,7|6,7|6,7|7,7|7,7|7,7|8,7|1,8|2,8|3,8|3,8|3,8|4,8|5,8|5,8|5,8|6,8|7,8|7,8|7,8|8,8
44 1,1|2,1|4,1|4,1|4,1|5,1|5,1|5,1|6,1|6,1|8,1|8,1|8,1|1,2|1,2|2,2|2,2|4,2|4,2|4,2|6,2|7,2|8,2|8,2|1,3|1,3|2,3|3,3|5,3|6,3|7,3|1,4|1,4|3,4|8,4|8,4|2,5|2,5|4,5|4,5|4,5|5,5|5,5|6,5|6,5|6,5|7,5|8,5|8,5|8,5|1,6|2,6|5,6|6,6|7,6|7,6|8,6|8,6|8,6|1,7|2,7|3,7|3,7|4,7|4,7|4,7|5,7|5,7|5,7|6,7|6,7|6,7|8,7|8,7|2,8|2,8|2,8|3,8|3,8|5,8|6,8|6,8|6,8|7,8|8,8|8,8|8,8
45 1,1|3,1|3,1|3,1|4,1|4,1|4,1|5,1|7,1|8,1|8,1|8,1|1,2|1,2|1,2|2,2|3,2|3,2|4,2|5,2|5,2|6,2|6,2|6,2|7,2|1,3|1,3|1,3|3,3|3,3|4,3|7,3|7,3|7,3|8,3|8,3|1,4|1,4|2,4|2,4|2,4|3,4|3,4|7,4|7,4|7,4|8,4|8,4|8,4|1,5|1,5|1,5|2,5|2,5|2,5|3,5|4,5|4,5|5,5|6,5|6,5|7,5|8,5|1,6|1,6|2,6|3,6|3,6|4,6|4,6|6,6|6,6|6,6|7,6|7,6|7,6|8,6|8,6|1,7|1,7|1,7|3,7|3,7|4,7|4,7|4,7|5,7|7,7|7,7|8,7|1,8|1,8|2,8|3,8|3,8|4,8|5,8|5,8|5,8|7,8|7,8|7,8|8,8
46 1,1|1,1|2,1|3,1|3,1|3,1|5,1|6,1|6,1|8,1|8,1|3,2|5,2|5,2|6,2|7,2|7,2|7,2|8,2|8,2|8,2|1,3|2,3|2,3|2,3|4,3|4,3|4,3|8,3|8,3|1,4|2,4|2,4|2,4|6,4|6,4|6,4|8,4|8,4|8,4|2,5|2,5|2,5|3,5|4,5|4,5|4,5|5,5|5,5|5,5|6,5|7,5|7,5|8,5|8,5|8,5|1,6|1,6|2,6|2,6|2,6|3,6|3,6|3,6|4,6|5,6|6,6|7,6|7,6|8,6|8,6|8,6|1,7|1,7|1,7|3,7|4,7|4,7|4,7|5,7|6,7|6,7|7,7|7,7|7,7|8,7|1,8|1,8|1,8|2,8|3,8|3,8|3,8|5,8|5,8|5,8|6,8|7,8|7,8
47 1,1|3,1|4,1|5,1|5,1|5,1|6,1|7,1|8,1|1,2|1,2|2,2|4,2|7,2|7,2|8,2|1,3|1,3|2,3|2,3|2,3|5,3|6,3|6,3|6,3|7,3|8,3|8,3|8,3|1,4|1,4|1,4|2,4|2,4|3,4|4,4|5,4|5,4|6,4|7,4|2,5|2,5|2,5|4,5|4,5|4,5|5,5|7,5|7,5|8,5|1,6|2,6|3,6|3,6|3,6|4,6|4,6|4,6|5,6|5,6|5,6|6,6|7,6|7,6|1,7|4,7|5,7|5,7|6,7|6,7|1,8|1,8|4,8|4,8|5,8|5,8|6,8|6,8|6,8|7,8|7,8|8,8
48 5,1|1,2|2,2|2,2|2,2|3,2|4,2|4,2|5,2|5,2|5,2|7,2|7,2|7,2|8,2|8,2|1,3|5,3|5,3|7,3|7,3|7,3|8,3|8,3|9,3|1,4|1,4|1,4|2,4|2,4|3,4|3,4|5,4|5,4|6,4|6,4|6,4|7,4|8,4|9,4|9,4|9,4|2,5|4,5|4,5|4,5|5,5|8,5|2,6|2,6|4,6|4,6|5,6|5,6|5,6|6,6|6,6|6,6|8,6|9,6|9,6|9,6|1,7|2,7|2,7|3,7|4,7|4,7|5,7|5,7|7,7|7,7|7,7|8,7|8,7|9,7|1,8|1,8|1,8|3,8|3,8|4,8|5,8|7,8|7,8|7,8|8,8|8,8|8,8|9,8|9,8|9,8|2,9|2,9|2,9|3,9|3,9|3,9|4,9|4,9|4,9|5,9|5,9|5,9|6,9|6,9|6,9
49 2,2|2,2|4,2|4,2|4,2|6,2|6,2|8,2|8,2|1,3|2,3|2,3|2,3|3,3|4,3|5,3|5,3|5,3|6,3|6,3|8,3|8,3|8,3|1,4|2,4|2,4|2,4|3,4|3,4|3,4|4,4|5,4|6,4|6,4|6,4|7,4|7,4|9,4|1,5|1,5|2,5|2,5|3,5|4,5|4,5|4,5|5,5|5,5|7,5|7,5|8,5|9,5|2,6|2,6|3,6|4,6|5,6|5,6|6,6|6,6|6,6|7,6|7,6|7,6|8,6|8,6|1,7|2,7|3,7|3,7|4,7|5,7|5,7|9,7|9,7|9,7|1,8|1,8|1,8|2,8|2,8|3,8|3,8|4,8|4,8|4,8|5,8|5,8|5,8|6,8|6,8|6,8|9,8|9,8|9,8|1,9|2,9|2,9|2,9|3,9|3,9|4,9|4,9|4,9|7,9|7,9|7,9|8,9
